voice: v1, @piano_sound, -2

qtr_note = 9600
C major

22.30, 21.43, 20.147, 21.55, 22.42, 23.37, 24.34, 25.33, 26.32, 27.33, 28.35, 29.38, 30.45, 31.27

qtr_note = 9600
Eb major

r.42, 30.89, 29.64, 28.45, 27.41, 26.42, 25.50, 24.160, 25.54

qtr_note = 9600
F# major

r.1, 24.50, 25.55, 26.149, 25.36, 24.26, 23.23, 22.21, 21.19, 20.19, 19.19, 18.20, 17.20, 16.20

qtr_note = 9600
C major

r.1, 18.51, 16.45, 15.50, 16.47, 18.68, 19.46, 20.50, 19.38, 18.47, 16.21, 15.21, 14.24, 13.30, 12.27

qtr_note = 9600
D major

r.109, 13.50, 15.22, 16.41, 18.20, 19.20, 20.43, 22.25, 23.45

qtr_note = 9600
Eb major

r.28, 24.101, 22.108, 21.48, 19.250, 19.7, 21.51, 22.85, 24.41, 25.26

qtr_note = 9600
G major

r.14, 23.89, 26.250, 26.51, 23.64, 22.54, 19.73, 16.49, 15.52, 12.101, 9.181, 12.74, 15.32, 16.14
