voice: v1, @piano_sound, -1

qtr_note = 9600
D major

16.16, 15.70, 14.250, 14.41, 15.89, 16.69, 17.62, 18.56, 19.55, 20.53, 21.53, 22.55, 23.56, 24.62, 25.70, 26.87

qtr_note = 9600
A major

23.129, 24.250, 24.153, 23.173, 22.137, 20.250, 20.17, 19.170, 18.250, 18.207

qtr_note = 9600
E major

19.199, 20.250, 20.250, 20.250, 20.113, 19.83, 18.73, 17.67, 16.64, 15.62, 13.61

qtr_note = 9600
Bb major

12.62, 11.63, 10.66, 9.70, 8.79, 7.95, 5.250, 5.185, 7.73, 8.55, 9.46, 10.40, 11.36, 12.63, 14.28, 15.26, 16.25, 17.25, 18.23, 19.49, 21.27, 22.28, 23.34, 24.41, 25.57, 26.230, 25.71, 24.54, 23.47

qtr_note = 9600
F# minor

24.83, 21.76, 20.74, 18.38, 17.84, 14.121, 13.240, 14.109, 17.78, 18.37, 20.75, 21.91, 24.76

qtr_note = 9600
Ab major

22.250, 22.9, 19.120, 18.99, 16.48, 15.97, 12.112, 11.250, 11.199, 12.122, 15.109, 16.56, 18.124, 19.250, 19.161, 18.81, 16.31

